Ring 0.00 0 0.0 209.00 381.00 243.00 400.00 0.0 0.0 0.0 0.0 0.0 0.0 0.0 0.0
Ring 0.00 0 0.0 187.00 375.00 219.00 391.00 0.0 0.0 0.0 0.0 0.0 0.0 0.0 0.0
Ring 0.00 0 0.0 160.00 364.00 192.00 380.00 0.0 0.0 0.0 0.0 0.0 0.0 0.0 0.0
Ring 0.00 0 0.0 119.00 372.00 153.00 391.00 0.0 0.0 0.0 0.0 0.0 0.0 0.0 0.0
Ring 0.00 0 0.0 93.00 384.00 131.00 405.00 0.0 0.0 0.0 0.0 0.0 0.0 0.0 0.0
Ring 0.00 0 0.0 131.00 321.00 154.00 332.00 0.0 0.0 0.0 0.0 0.0 0.0 0.0 0.0
Ring 0.00 0 0.0 159.00 325.00 176.00 334.00 0.0 0.0 0.0 0.0 0.0 0.0 0.0 0.0
Ring 0.00 0 0.0 181.00 328.00 201.00 338.00 0.0 0.0 0.0 0.0 0.0 0.0 0.0 0.0
Ring 0.00 0 0.0 218.00 332.00 239.00 343.00 0.0 0.0 0.0 0.0 0.0 0.0 0.0 0.0
Ring 0.00 0 0.0 25.00 324.00 42.00 335.00 0.0 0.0 0.0 0.0 0.0 0.0 0.0 0.0
Ring 0.00 0 0.0 52.00 323.00 70.00 334.00 0.0 0.0 0.0 0.0 0.0 0.0 0.0 0.0
Ring 0.00 0 0.0 94.00 323.00 112.00 332.00 0.0 0.0 0.0 0.0 0.0 0.0 0.0 0.0
Ring 0.00 0 0.0 62.00 315.00 77.00 324.00 0.0 0.0 0.0 0.0 0.0 0.0 0.0 0.0
Neutral_Goal 0.00 0 0.0 105.00 324.00 191.00 371.00 0.0 0.0 0.0 0.0 0.0 0.0 0.0 0.0
Ring 0.00 0 0.0 42.00 315.00 57.00 324.00 0.0 0.0 0.0 0.0 0.0 0.0 0.0 0.0
Blue_Goal 0.00 0 0.0 550.00 338.00 640.00 423.00 0.0 0.0 0.0 0.0 0.0 0.0 0.0 0.0
Ring 0.00 0 0.0 143.00 94.00 157.00 120.00 0.0 0.0 0.0 0.0 0.0 0.0 0.0 0.0
Blue_Robot 0.00 0 0.0 111.00 288.00 134.00 313.00 0.0 0.0 0.0 0.0 0.0 0.0 0.0 0.0
Blue_Platform 0.00 0 0.0 283.00 224.00 587.00 421.00 0.0 0.0 0.0 0.0 0.0 0.0 0.0 0.0
Blue_Goal 0.00 0 0.0 199.00 309.00 254.00 336.00 0.0 0.0 0.0 0.0 0.0 0.0 0.0 0.0